,buying,maint,doors,persons,lug_boot,safety,class_values,persional_point
0,1,1,2,2,1,2,unacc,0.0
1,1,1,2,2,1,3,unacc,0.0
2,1,1,2,2,2,1,unacc,0.0
3,1,1,2,2,2,2,unacc,0.0
4,1,1,2,2,2,3,unacc,0.0
5,1,1,2,2,3,1,unacc,0.0
6,1,1,2,2,3,2,unacc,0.0
7,1,1,2,2,3,3,unacc,0.0
8,1,1,2,4,1,1,unacc,0.0
9,1,1,2,4,1,2,unacc,0.0
10,1,1,2,4,1,3,unacc,0.0
11,1,1,2,4,2,1,unacc,0.0
12,1,1,2,4,2,2,unacc,0.0
13,1,1,2,4,2,3,unacc,0.0
14,1,1,2,4,3,1,unacc,0.0
15,1,1,2,4,3,2,unacc,0.0
16,1,1,2,4,3,3,unacc,0.0
17,1,1,2,6,1,1,unacc,2.0999999999999996
18,1,1,2,6,1,2,unacc,2.0999999999999996
19,1,1,2,6,1,3,unacc,2.0999999999999996
20,1,1,2,6,2,1,unacc,2.0999999999999996
21,1,1,2,6,2,2,unacc,2.0999999999999996
22,1,1,2,6,2,3,unacc,2.0999999999999996
23,1,1,2,6,3,1,unacc,2.0999999999999996
24,1,1,2,6,3,2,unacc,2.0999999999999996
25,1,1,2,6,3,3,unacc,2.0999999999999996
26,1,1,3,2,1,1,unacc,0.0
27,1,1,3,2,1,2,unacc,0.0
28,1,1,3,2,1,3,unacc,0.0
29,1,1,3,2,2,1,unacc,0.0
30,1,1,3,2,2,2,unacc,0.0
31,1,1,3,2,2,3,unacc,0.0
32,1,1,3,2,3,1,unacc,0.0
33,1,1,3,2,3,2,unacc,0.0
34,1,1,3,2,3,3,unacc,0.0
35,1,1,3,4,1,1,unacc,0.0
36,1,1,3,4,1,2,unacc,0.0
37,1,1,3,4,1,3,unacc,0.0
38,1,1,3,4,2,1,unacc,0.0
39,1,1,3,4,2,2,unacc,0.0
40,1,1,3,4,2,3,unacc,0.0
41,1,1,3,4,3,1,unacc,0.0
42,1,1,3,4,3,2,unacc,0.0
43,1,1,3,4,3,3,unacc,0.0
44,1,1,3,6,1,1,unacc,2.0999999999999996
45,1,1,3,6,1,2,unacc,2.0999999999999996
46,1,1,3,6,1,3,unacc,2.0999999999999996
47,1,1,3,6,2,1,unacc,2.0999999999999996
48,1,1,3,6,2,2,unacc,2.0999999999999996
49,1,1,3,6,2,3,unacc,2.0999999999999996
50,1,1,3,6,3,1,unacc,2.0999999999999996
51,1,1,3,6,3,2,unacc,2.0999999999999996
52,1,1,3,6,3,3,unacc,2.0999999999999996
53,1,1,4,2,1,1,unacc,0.0
54,1,1,4,2,1,2,unacc,0.0
55,1,1,4,2,1,3,unacc,0.0
56,1,1,4,2,2,1,unacc,0.0
57,1,1,4,2,2,2,unacc,0.0
58,1,1,4,2,2,3,unacc,0.0
59,1,1,4,2,3,1,unacc,0.0
60,1,1,4,2,3,2,unacc,0.0
61,1,1,4,2,3,3,unacc,0.0
62,1,1,4,4,1,1,unacc,0.0
63,1,1,4,4,1,2,unacc,0.0
64,1,1,4,4,1,3,unacc,0.0
65,1,1,4,4,2,1,unacc,0.0
66,1,1,4,4,2,2,unacc,0.0
67,1,1,4,4,2,3,unacc,0.0
68,1,1,4,4,3,1,unacc,0.0
69,1,1,4,4,3,2,unacc,0.0
70,1,1,4,4,3,3,unacc,0.0
71,1,1,4,6,1,1,unacc,2.0999999999999996
72,1,1,4,6,1,2,unacc,2.0999999999999996
73,1,1,4,6,1,3,unacc,2.0999999999999996
74,1,1,4,6,2,1,unacc,2.0999999999999996
75,1,1,4,6,2,2,unacc,2.0999999999999996
76,1,1,4,6,2,3,unacc,2.0999999999999996
77,1,1,4,6,3,1,unacc,2.0999999999999996
78,1,1,4,6,3,2,unacc,2.0999999999999996
79,1,1,4,6,3,3,unacc,2.0999999999999996
80,1,1,5,2,1,1,unacc,1.2
81,1,1,5,2,1,2,unacc,1.2
82,1,1,5,2,1,3,unacc,1.2
83,1,1,5,2,2,1,unacc,1.2
84,1,1,5,2,2,2,unacc,1.2
85,1,1,5,2,2,3,unacc,1.2
86,1,1,5,2,3,1,unacc,1.2
87,1,1,5,2,3,2,unacc,1.2
88,1,1,5,2,3,3,unacc,1.2
89,1,1,5,4,1,1,unacc,1.2
90,1,1,5,4,1,2,unacc,1.2
91,1,1,5,4,1,3,unacc,1.2
92,1,1,5,4,2,1,unacc,1.2
93,1,1,5,4,2,2,unacc,1.2
94,1,1,5,4,2,3,unacc,1.2
95,1,1,5,4,3,1,unacc,1.2
96,1,1,5,4,3,2,unacc,1.2
97,1,1,5,4,3,3,unacc,1.2
98,1,1,5,6,1,1,unacc,3.3
99,1,1,5,6,1,2,unacc,3.3
100,1,1,5,6,1,3,unacc,3.3
101,1,1,5,6,2,1,unacc,3.3
102,1,1,5,6,2,2,unacc,3.3
103,1,1,5,6,2,3,unacc,3.3
104,1,1,5,6,3,1,unacc,3.3
105,1,1,5,6,3,2,unacc,3.3
106,1,1,5,6,3,3,unacc,3.3
107,1,2,2,2,1,1,unacc,0.0
108,1,2,2,2,1,2,unacc,0.0
109,1,2,2,2,1,3,unacc,0.0
110,1,2,2,2,2,1,unacc,0.0
111,1,2,2,2,2,2,unacc,0.0
112,1,2,2,2,2,3,unacc,0.0
113,1,2,2,2,3,1,unacc,0.0
114,1,2,2,2,3,2,unacc,0.0
115,1,2,2,2,3,3,unacc,0.0
116,1,2,2,4,1,1,unacc,0.0
117,1,2,2,4,1,2,unacc,0.0
118,1,2,2,4,1,3,unacc,0.0
119,1,2,2,4,2,1,unacc,0.0
120,1,2,2,4,2,2,unacc,0.0
121,1,2,2,4,2,3,unacc,0.0
122,1,2,2,4,3,1,unacc,0.0
123,1,2,2,4,3,2,unacc,0.0
124,1,2,2,4,3,3,unacc,0.0
125,1,2,2,6,1,1,unacc,2.0999999999999996
126,1,2,2,6,1,2,unacc,2.0999999999999996
127,1,2,2,6,1,3,unacc,2.0999999999999996
128,1,2,2,6,2,1,unacc,2.0999999999999996
129,1,2,2,6,2,2,unacc,2.0999999999999996
130,1,2,2,6,2,3,unacc,2.0999999999999996
131,1,2,2,6,3,1,unacc,2.0999999999999996
132,1,2,2,6,3,2,unacc,2.0999999999999996
133,1,2,2,6,3,3,unacc,2.0999999999999996
134,1,2,3,2,1,1,unacc,0.0
135,1,2,3,2,1,2,unacc,0.0
136,1,2,3,2,1,3,unacc,0.0
137,1,2,3,2,2,1,unacc,0.0
138,1,2,3,2,2,2,unacc,0.0
139,1,2,3,2,2,3,unacc,0.0
140,1,2,3,2,3,1,unacc,0.0
141,1,2,3,2,3,2,unacc,0.0
142,1,2,3,2,3,3,unacc,0.0
143,1,2,3,4,1,1,unacc,0.0
144,1,2,3,4,1,2,unacc,0.0
145,1,2,3,4,1,3,unacc,0.0
146,1,2,3,4,2,1,unacc,0.0
147,1,2,3,4,2,2,unacc,0.0
148,1,2,3,4,2,3,unacc,0.0
149,1,2,3,4,3,1,unacc,0.0
150,1,2,3,4,3,2,unacc,0.0
151,1,2,3,4,3,3,unacc,0.0
152,1,2,3,6,1,1,unacc,2.0999999999999996
153,1,2,3,6,1,2,unacc,2.0999999999999996
154,1,2,3,6,1,3,unacc,2.0999999999999996
155,1,2,3,6,2,1,unacc,2.0999999999999996
156,1,2,3,6,2,2,unacc,2.0999999999999996
157,1,2,3,6,2,3,unacc,2.0999999999999996
158,1,2,3,6,3,1,unacc,2.0999999999999996
159,1,2,3,6,3,2,unacc,2.0999999999999996
160,1,2,3,6,3,3,unacc,2.0999999999999996
161,1,2,4,2,1,1,unacc,0.0
162,1,2,4,2,1,2,unacc,0.0
163,1,2,4,2,1,3,unacc,0.0
164,1,2,4,2,2,1,unacc,0.0
165,1,2,4,2,2,2,unacc,0.0
166,1,2,4,2,2,3,unacc,0.0
167,1,2,4,2,3,1,unacc,0.0
168,1,2,4,2,3,2,unacc,0.0
169,1,2,4,2,3,3,unacc,0.0
170,1,2,4,4,1,1,unacc,0.0
171,1,2,4,4,1,2,unacc,0.0
172,1,2,4,4,1,3,unacc,0.0
173,1,2,4,4,2,1,unacc,0.0
174,1,2,4,4,2,2,unacc,0.0
175,1,2,4,4,2,3,unacc,0.0
176,1,2,4,4,3,1,unacc,0.0
177,1,2,4,4,3,2,unacc,0.0
178,1,2,4,4,3,3,unacc,0.0
179,1,2,4,6,1,1,unacc,2.0999999999999996
180,1,2,4,6,1,2,unacc,2.0999999999999996
181,1,2,4,6,1,3,unacc,2.0999999999999996
182,1,2,4,6,2,1,unacc,2.0999999999999996
183,1,2,4,6,2,2,unacc,2.0999999999999996
184,1,2,4,6,2,3,unacc,2.0999999999999996
185,1,2,4,6,3,1,unacc,2.0999999999999996
186,1,2,4,6,3,2,unacc,2.0999999999999996
187,1,2,4,6,3,3,unacc,2.0999999999999996
188,1,2,5,2,1,1,unacc,1.2
189,1,2,5,2,1,2,unacc,1.2
190,1,2,5,2,1,3,unacc,1.2
191,1,2,5,2,2,1,unacc,1.2
192,1,2,5,2,2,2,unacc,1.2
193,1,2,5,2,2,3,unacc,1.2
194,1,2,5,2,3,1,unacc,1.2
195,1,2,5,2,3,2,unacc,1.2
196,1,2,5,2,3,3,unacc,1.2
197,1,2,5,4,1,1,unacc,1.2
198,1,2,5,4,1,2,unacc,1.2
199,1,2,5,4,1,3,unacc,1.2
200,1,2,5,4,2,1,unacc,1.2
201,1,2,5,4,2,2,unacc,1.2
202,1,2,5,4,2,3,unacc,1.2
203,1,2,5,4,3,1,unacc,1.2
204,1,2,5,4,3,2,unacc,1.2
205,1,2,5,4,3,3,unacc,1.2
206,1,2,5,6,1,1,unacc,3.3
207,1,2,5,6,1,2,unacc,3.3
208,1,2,5,6,1,3,unacc,3.3
209,1,2,5,6,2,1,unacc,3.3
210,1,2,5,6,2,2,unacc,3.3
211,1,2,5,6,2,3,unacc,3.3
212,1,2,5,6,3,1,unacc,3.3
213,1,2,5,6,3,2,unacc,3.3
214,1,2,5,6,3,3,unacc,3.3
215,1,3,2,2,1,1,unacc,0.0
216,1,3,2,2,1,2,unacc,0.0
217,1,3,2,2,1,3,unacc,0.0
218,1,3,2,2,2,1,unacc,0.0
219,1,3,2,2,2,2,unacc,0.0
220,1,3,2,2,2,3,unacc,0.0
221,1,3,2,2,3,1,unacc,0.0
222,1,3,2,2,3,2,unacc,0.0
223,1,3,2,2,3,3,unacc,0.0
224,1,3,2,4,1,1,unacc,0.0
225,1,3,2,4,1,2,unacc,0.0
226,1,3,2,4,1,3,acc,0.0
227,1,3,2,4,2,1,unacc,0.0
228,1,3,2,4,2,2,unacc,0.0
229,1,3,2,4,2,3,acc,0.0
230,1,3,2,4,3,1,unacc,0.0
231,1,3,2,4,3,2,acc,0.0
232,1,3,2,4,3,3,acc,0.0
233,1,3,2,6,1,1,unacc,2.0999999999999996
234,1,3,2,6,1,2,unacc,2.0999999999999996
235,1,3,2,6,1,3,unacc,2.0999999999999996
236,1,3,2,6,2,1,unacc,2.0999999999999996
237,1,3,2,6,2,2,unacc,2.0999999999999996
238,1,3,2,6,2,3,acc,2.0999999999999996
239,1,3,2,6,3,1,unacc,2.0999999999999996
240,1,3,2,6,3,2,acc,2.0999999999999996
241,1,3,2,6,3,3,acc,2.0999999999999996
242,1,3,3,2,1,1,unacc,0.0
243,1,3,3,2,1,2,unacc,0.0
244,1,3,3,2,1,3,unacc,0.0
245,1,3,3,2,2,1,unacc,0.0
246,1,3,3,2,2,2,unacc,0.0
247,1,3,3,2,2,3,unacc,0.0
248,1,3,3,2,3,1,unacc,0.0
249,1,3,3,2,3,2,unacc,0.0
250,1,3,3,2,3,3,unacc,0.0
251,1,3,3,4,1,1,unacc,0.0
252,1,3,3,4,1,2,unacc,0.0
253,1,3,3,4,1,3,acc,0.0
254,1,3,3,4,2,1,unacc,0.0
255,1,3,3,4,2,2,unacc,0.0
256,1,3,3,4,2,3,acc,0.0
257,1,3,3,4,3,1,unacc,0.0
258,1,3,3,4,3,2,acc,0.0
259,1,3,3,4,3,3,acc,0.0
260,1,3,3,6,1,1,unacc,2.0999999999999996
261,1,3,3,6,1,2,unacc,2.0999999999999996
262,1,3,3,6,1,3,acc,2.0999999999999996
263,1,3,3,6,2,1,unacc,2.0999999999999996
264,1,3,3,6,2,2,acc,2.0999999999999996
265,1,3,3,6,2,3,acc,2.0999999999999996
266,1,3,3,6,3,1,unacc,2.0999999999999996
267,1,3,3,6,3,2,acc,2.0999999999999996
268,1,3,3,6,3,3,acc,2.0999999999999996
269,1,3,4,2,1,1,unacc,0.0
270,1,3,4,2,1,2,unacc,0.0
271,1,3,4,2,1,3,unacc,0.0
272,1,3,4,2,2,1,unacc,0.0
273,1,3,4,2,2,2,unacc,0.0
274,1,3,4,2,2,3,unacc,0.0
275,1,3,4,2,3,1,unacc,0.0
276,1,3,4,2,3,2,unacc,0.0
277,1,3,4,2,3,3,unacc,0.0
278,1,3,4,4,1,1,unacc,0.0
279,1,3,4,4,1,2,unacc,0.0
280,1,3,4,4,1,3,acc,0.0
281,1,3,4,4,2,1,unacc,0.0
282,1,3,4,4,2,2,acc,0.0
283,1,3,4,4,2,3,acc,0.0
284,1,3,4,4,3,1,unacc,0.0
285,1,3,4,4,3,2,acc,0.0
286,1,3,4,4,3,3,acc,0.0
287,1,3,4,6,1,1,unacc,2.0999999999999996
288,1,3,4,6,1,2,unacc,2.0999999999999996
289,1,3,4,6,1,3,acc,2.0999999999999996
290,1,3,4,6,2,1,unacc,2.0999999999999996
291,1,3,4,6,2,2,acc,2.0999999999999996
292,1,3,4,6,2,3,acc,2.0999999999999996
293,1,3,4,6,3,1,unacc,2.0999999999999996
294,1,3,4,6,3,2,acc,2.0999999999999996
295,1,3,4,6,3,3,acc,2.0999999999999996
296,1,3,5,2,1,1,unacc,1.2
297,1,3,5,2,1,2,unacc,1.2
298,1,3,5,2,1,3,unacc,1.2
299,1,3,5,2,2,1,unacc,1.2
300,1,3,5,2,2,2,unacc,1.2
301,1,3,5,2,2,3,unacc,1.2
302,1,3,5,2,3,1,unacc,1.2
303,1,3,5,2,3,2,unacc,1.2
304,1,3,5,2,3,3,unacc,1.2
305,1,3,5,4,1,1,unacc,1.2
306,1,3,5,4,1,2,unacc,1.2
307,1,3,5,4,1,3,acc,1.2
308,1,3,5,4,2,1,unacc,1.2
309,1,3,5,4,2,2,acc,1.2
310,1,3,5,4,2,3,acc,1.2
311,1,3,5,4,3,1,unacc,1.2
312,1,3,5,4,3,2,acc,1.2
313,1,3,5,4,3,3,acc,1.2
314,1,3,5,6,1,1,unacc,3.3
315,1,3,5,6,1,2,unacc,3.3
316,1,3,5,6,1,3,acc,3.3
317,1,3,5,6,2,1,unacc,3.3
318,1,3,5,6,2,2,acc,3.3
319,1,3,5,6,2,3,acc,3.3
320,1,3,5,6,3,1,unacc,3.3
321,1,3,5,6,3,2,acc,3.3
322,1,3,5,6,3,3,acc,3.3
323,1,4,2,2,1,1,unacc,0.0
324,1,4,2,2,1,2,unacc,0.0
325,1,4,2,2,1,3,unacc,0.0
326,1,4,2,2,2,1,unacc,0.0
327,1,4,2,2,2,2,unacc,0.0
328,1,4,2,2,2,3,unacc,0.0
329,1,4,2,2,3,1,unacc,0.0
330,1,4,2,2,3,2,unacc,0.0
331,1,4,2,2,3,3,unacc,0.0
332,1,4,2,4,1,1,unacc,0.0
333,1,4,2,4,1,2,unacc,0.0
334,1,4,2,4,1,3,acc,0.0
335,1,4,2,4,2,1,unacc,0.0
336,1,4,2,4,2,2,unacc,0.0
337,1,4,2,4,2,3,acc,0.0
338,1,4,2,4,3,1,unacc,0.0
339,1,4,2,4,3,2,acc,0.0
340,1,4,2,4,3,3,acc,0.0
341,1,4,2,6,1,1,unacc,2.0999999999999996
342,1,4,2,6,1,2,unacc,2.0999999999999996
343,1,4,2,6,1,3,unacc,2.0999999999999996
344,1,4,2,6,2,1,unacc,2.0999999999999996
345,1,4,2,6,2,2,unacc,2.0999999999999996
346,1,4,2,6,2,3,acc,2.0999999999999996
347,1,4,2,6,3,1,unacc,2.0999999999999996
348,1,4,2,6,3,2,acc,2.0999999999999996
349,1,4,2,6,3,3,acc,2.0999999999999996
350,1,4,3,2,1,1,unacc,0.0
351,1,4,3,2,1,2,unacc,0.0
352,1,4,3,2,1,3,unacc,0.0
353,1,4,3,2,2,1,unacc,0.0
354,1,4,3,2,2,2,unacc,0.0
355,1,4,3,2,2,3,unacc,0.0
356,1,4,3,2,3,1,unacc,0.0
357,1,4,3,2,3,2,unacc,0.0
358,1,4,3,2,3,3,unacc,0.0
359,1,4,3,4,1,1,unacc,0.0
360,1,4,3,4,1,2,unacc,0.0
361,1,4,3,4,1,3,acc,0.0
362,1,4,3,4,2,1,unacc,0.0
363,1,4,3,4,2,2,unacc,0.0
364,1,4,3,4,2,3,acc,0.0
365,1,4,3,4,3,1,unacc,0.0
366,1,4,3,4,3,2,acc,0.0
367,1,4,3,4,3,3,acc,0.0
368,1,4,3,6,1,1,unacc,2.0999999999999996
369,1,4,3,6,1,2,unacc,2.0999999999999996
370,1,4,3,6,1,3,acc,2.0999999999999996
371,1,4,3,6,2,1,unacc,2.0999999999999996
372,1,4,3,6,2,2,acc,2.0999999999999996
373,1,4,3,6,2,3,acc,2.0999999999999996
374,1,4,3,6,3,1,unacc,2.0999999999999996
375,1,4,3,6,3,2,acc,2.0999999999999996
376,1,4,3,6,3,3,acc,2.0999999999999996
377,1,4,4,2,1,1,unacc,0.0
378,1,4,4,2,1,2,unacc,0.0
379,1,4,4,2,1,3,unacc,0.0
380,1,4,4,2,2,1,unacc,0.0
381,1,4,4,2,2,2,unacc,0.0
382,1,4,4,2,2,3,unacc,0.0
383,1,4,4,2,3,1,unacc,0.0
384,1,4,4,2,3,2,unacc,0.0
385,1,4,4,2,3,3,unacc,0.0
386,1,4,4,4,1,1,unacc,0.0
387,1,4,4,4,1,2,unacc,0.0
388,1,4,4,4,1,3,acc,0.0
389,1,4,4,4,2,1,unacc,0.0
390,1,4,4,4,2,2,acc,0.0
391,1,4,4,4,2,3,acc,0.0
392,1,4,4,4,3,1,unacc,0.0
393,1,4,4,4,3,2,acc,0.0
394,1,4,4,4,3,3,acc,0.0
395,1,4,4,6,1,1,unacc,2.0999999999999996
396,1,4,4,6,1,2,unacc,2.0999999999999996
397,1,4,4,6,1,3,acc,2.0999999999999996
398,1,4,4,6,2,1,unacc,2.0999999999999996
399,1,4,4,6,2,2,acc,2.0999999999999996
400,1,4,4,6,2,3,acc,2.0999999999999996
401,1,4,4,6,3,1,unacc,2.0999999999999996
402,1,4,4,6,3,2,acc,2.0999999999999996
403,1,4,4,6,3,3,acc,2.0999999999999996
404,1,4,5,2,1,1,unacc,1.2
405,1,4,5,2,1,2,unacc,1.2
406,1,4,5,2,1,3,unacc,1.2
407,1,4,5,2,2,1,unacc,1.2
408,1,4,5,2,2,2,unacc,1.2
409,1,4,5,2,2,3,unacc,1.2
410,1,4,5,2,3,1,unacc,1.2
411,1,4,5,2,3,2,unacc,1.2
412,1,4,5,2,3,3,unacc,1.2
413,1,4,5,4,1,1,unacc,1.2
414,1,4,5,4,1,2,unacc,1.2
415,1,4,5,4,1,3,acc,1.2
416,1,4,5,4,2,1,unacc,1.2
417,1,4,5,4,2,2,acc,1.2
418,1,4,5,4,2,3,acc,1.2
419,1,4,5,4,3,1,unacc,1.2
420,1,4,5,4,3,2,acc,1.2
421,1,4,5,4,3,3,acc,1.2
422,1,4,5,6,1,1,unacc,3.3
423,1,4,5,6,1,2,unacc,3.3
424,1,4,5,6,1,3,acc,3.3
425,1,4,5,6,2,1,unacc,3.3
426,1,4,5,6,2,2,acc,3.3
427,1,4,5,6,2,3,acc,3.3
428,1,4,5,6,3,1,unacc,3.3
429,1,4,5,6,3,2,acc,3.3
430,1,4,5,6,3,3,acc,3.3
431,2,1,2,2,1,1,unacc,0.0
432,2,1,2,2,1,2,unacc,0.0
433,2,1,2,2,1,3,unacc,0.0
434,2,1,2,2,2,1,unacc,0.0
435,2,1,2,2,2,2,unacc,0.0
436,2,1,2,2,2,3,unacc,0.0
437,2,1,2,2,3,1,unacc,0.0
438,2,1,2,2,3,2,unacc,0.0
439,2,1,2,2,3,3,unacc,0.0
440,2,1,2,4,1,1,unacc,0.0
441,2,1,2,4,1,2,unacc,0.0
442,2,1,2,4,1,3,unacc,0.0
443,2,1,2,4,2,1,unacc,0.0
444,2,1,2,4,2,2,unacc,0.0
445,2,1,2,4,2,3,unacc,0.0
446,2,1,2,4,3,1,unacc,0.0
447,2,1,2,4,3,2,unacc,0.0
448,2,1,2,4,3,3,unacc,0.0
449,2,1,2,6,1,1,unacc,2.0999999999999996
450,2,1,2,6,1,2,unacc,2.0999999999999996
451,2,1,2,6,1,3,unacc,2.0999999999999996
452,2,1,2,6,2,1,unacc,2.0999999999999996
453,2,1,2,6,2,2,unacc,2.0999999999999996
454,2,1,2,6,2,3,unacc,2.0999999999999996
455,2,1,2,6,3,1,unacc,2.0999999999999996
456,2,1,2,6,3,2,unacc,2.0999999999999996
457,2,1,2,6,3,3,unacc,2.0999999999999996
458,2,1,3,2,1,1,unacc,0.0
459,2,1,3,2,1,2,unacc,0.0
460,2,1,3,2,1,3,unacc,0.0
461,2,1,3,2,2,1,unacc,0.0
462,2,1,3,2,2,2,unacc,0.0
463,2,1,3,2,2,3,unacc,0.0
464,2,1,3,2,3,1,unacc,0.0
465,2,1,3,2,3,2,unacc,0.0
466,2,1,3,2,3,3,unacc,0.0
467,2,1,3,4,1,1,unacc,0.0
468,2,1,3,4,1,2,unacc,0.0
469,2,1,3,4,1,3,unacc,0.0
470,2,1,3,4,2,1,unacc,0.0
471,2,1,3,4,2,2,unacc,0.0
472,2,1,3,4,2,3,unacc,0.0
473,2,1,3,4,3,1,unacc,0.0
474,2,1,3,4,3,2,unacc,0.0
475,2,1,3,4,3,3,unacc,0.0
476,2,1,3,6,1,1,unacc,2.0999999999999996
477,2,1,3,6,1,2,unacc,2.0999999999999996
478,2,1,3,6,1,3,unacc,2.0999999999999996
479,2,1,3,6,2,1,unacc,2.0999999999999996
480,2,1,3,6,2,2,unacc,2.0999999999999996
481,2,1,3,6,2,3,unacc,2.0999999999999996
482,2,1,3,6,3,1,unacc,2.0999999999999996
483,2,1,3,6,3,2,unacc,2.0999999999999996
484,2,1,3,6,3,3,unacc,2.0999999999999996
485,2,1,4,2,1,1,unacc,0.0
486,2,1,4,2,1,2,unacc,0.0
487,2,1,4,2,1,3,unacc,0.0
488,2,1,4,2,2,1,unacc,0.0
489,2,1,4,2,2,2,unacc,0.0
490,2,1,4,2,2,3,unacc,0.0
491,2,1,4,2,3,1,unacc,0.0
492,2,1,4,2,3,2,unacc,0.0
493,2,1,4,2,3,3,unacc,0.0
494,2,1,4,4,1,1,unacc,0.0
495,2,1,4,4,1,2,unacc,0.0
496,2,1,4,4,1,3,unacc,0.0
497,2,1,4,4,2,1,unacc,0.0
498,2,1,4,4,2,2,unacc,0.0
499,2,1,4,4,2,3,unacc,0.0
500,2,1,4,4,3,1,unacc,0.0
501,2,1,4,4,3,2,unacc,0.0
502,2,1,4,4,3,3,unacc,0.0
503,2,1,4,6,1,1,unacc,2.0999999999999996
504,2,1,4,6,1,2,unacc,2.0999999999999996
505,2,1,4,6,1,3,unacc,2.0999999999999996
506,2,1,4,6,2,1,unacc,2.0999999999999996
507,2,1,4,6,2,2,unacc,2.0999999999999996
508,2,1,4,6,2,3,unacc,2.0999999999999996
509,2,1,4,6,3,1,unacc,2.0999999999999996
510,2,1,4,6,3,2,unacc,2.0999999999999996
511,2,1,4,6,3,3,unacc,2.0999999999999996
512,2,1,5,2,1,1,unacc,1.2
513,2,1,5,2,1,2,unacc,1.2
514,2,1,5,2,1,3,unacc,1.2
515,2,1,5,2,2,1,unacc,1.2
516,2,1,5,2,2,2,unacc,1.2
517,2,1,5,2,2,3,unacc,1.2
518,2,1,5,2,3,1,unacc,1.2
519,2,1,5,2,3,2,unacc,1.2
520,2,1,5,2,3,3,unacc,1.2
521,2,1,5,4,1,1,unacc,1.2
522,2,1,5,4,1,2,unacc,1.2
523,2,1,5,4,1,3,unacc,1.2
524,2,1,5,4,2,1,unacc,1.2
525,2,1,5,4,2,2,unacc,1.2
526,2,1,5,4,2,3,unacc,1.2
527,2,1,5,4,3,1,unacc,1.2
528,2,1,5,4,3,2,unacc,1.2
529,2,1,5,4,3,3,unacc,1.2
530,2,1,5,6,1,1,unacc,3.3
531,2,1,5,6,1,2,unacc,3.3
532,2,1,5,6,1,3,unacc,3.3
533,2,1,5,6,2,1,unacc,3.3
534,2,1,5,6,2,2,unacc,3.3
535,2,1,5,6,2,3,unacc,3.3
536,2,1,5,6,3,1,unacc,3.3
537,2,1,5,6,3,2,unacc,3.3
538,2,1,5,6,3,3,unacc,3.3
539,2,2,2,2,1,1,unacc,0.0
540,2,2,2,2,1,2,unacc,0.0
541,2,2,2,2,1,3,unacc,0.0
542,2,2,2,2,2,1,unacc,0.0
543,2,2,2,2,2,2,unacc,0.0
544,2,2,2,2,2,3,unacc,0.0
545,2,2,2,2,3,1,unacc,0.0
546,2,2,2,2,3,2,unacc,0.0
547,2,2,2,2,3,3,unacc,0.0
548,2,2,2,4,1,1,unacc,0.0
549,2,2,2,4,1,2,unacc,0.0
550,2,2,2,4,1,3,acc,0.0
551,2,2,2,4,2,1,unacc,0.0
552,2,2,2,4,2,2,unacc,0.0
553,2,2,2,4,2,3,acc,0.0
554,2,2,2,4,3,1,unacc,0.0
555,2,2,2,4,3,2,acc,0.0
556,2,2,2,4,3,3,acc,0.0
557,2,2,2,6,1,1,unacc,2.0999999999999996
558,2,2,2,6,1,2,unacc,2.0999999999999996
559,2,2,2,6,1,3,unacc,2.0999999999999996
560,2,2,2,6,2,1,unacc,2.0999999999999996
561,2,2,2,6,2,2,unacc,2.0999999999999996
562,2,2,2,6,2,3,acc,2.0999999999999996
563,2,2,2,6,3,1,unacc,2.0999999999999996
564,2,2,2,6,3,2,acc,2.0999999999999996
565,2,2,2,6,3,3,acc,2.0999999999999996
566,2,2,3,2,1,1,unacc,0.0
567,2,2,3,2,1,2,unacc,0.0
568,2,2,3,2,1,3,unacc,0.0
569,2,2,3,2,2,1,unacc,0.0
570,2,2,3,2,2,2,unacc,0.0
571,2,2,3,2,2,3,unacc,0.0
572,2,2,3,2,3,1,unacc,0.0
573,2,2,3,2,3,2,unacc,0.0
574,2,2,3,2,3,3,unacc,0.0
575,2,2,3,4,1,1,unacc,0.0
576,2,2,3,4,1,2,unacc,0.0
577,2,2,3,4,1,3,acc,0.0
578,2,2,3,4,2,1,unacc,0.0
579,2,2,3,4,2,2,unacc,0.0
580,2,2,3,4,2,3,acc,0.0
581,2,2,3,4,3,1,unacc,0.0
582,2,2,3,4,3,2,acc,0.0
583,2,2,3,4,3,3,acc,0.0
584,2,2,3,6,1,1,unacc,2.0999999999999996
585,2,2,3,6,1,2,unacc,2.0999999999999996
586,2,2,3,6,1,3,acc,2.0999999999999996
587,2,2,3,6,2,1,unacc,2.0999999999999996
588,2,2,3,6,2,2,acc,2.0999999999999996
589,2,2,3,6,2,3,acc,2.0999999999999996
590,2,2,3,6,3,1,unacc,2.0999999999999996
591,2,2,3,6,3,2,acc,2.0999999999999996
592,2,2,3,6,3,3,acc,2.0999999999999996
593,2,2,4,2,1,1,unacc,0.0
594,2,2,4,2,1,2,unacc,0.0
595,2,2,4,2,1,3,unacc,0.0
596,2,2,4,2,2,1,unacc,0.0
597,2,2,4,2,2,2,unacc,0.0
598,2,2,4,2,2,3,unacc,0.0
599,2,2,4,2,3,1,unacc,0.0
600,2,2,4,2,3,2,unacc,0.0
601,2,2,4,2,3,3,unacc,0.0
602,2,2,4,4,1,1,unacc,0.0
603,2,2,4,4,1,2,unacc,0.0
604,2,2,4,4,1,3,acc,0.0
605,2,2,4,4,2,1,unacc,0.0
606,2,2,4,4,2,2,acc,0.0
607,2,2,4,4,2,3,acc,0.0
608,2,2,4,4,3,1,unacc,0.0
609,2,2,4,4,3,2,acc,0.0
610,2,2,4,4,3,3,acc,0.0
611,2,2,4,6,1,1,unacc,2.0999999999999996
612,2,2,4,6,1,2,unacc,2.0999999999999996
613,2,2,4,6,1,3,acc,2.0999999999999996
614,2,2,4,6,2,1,unacc,2.0999999999999996
615,2,2,4,6,2,2,acc,2.0999999999999996
616,2,2,4,6,2,3,acc,2.0999999999999996
617,2,2,4,6,3,1,unacc,2.0999999999999996
618,2,2,4,6,3,2,acc,2.0999999999999996
619,2,2,4,6,3,3,acc,2.0999999999999996
620,2,2,5,2,1,1,unacc,1.2
621,2,2,5,2,1,2,unacc,1.2
622,2,2,5,2,1,3,unacc,1.2
623,2,2,5,2,2,1,unacc,1.2
624,2,2,5,2,2,2,unacc,1.2
625,2,2,5,2,2,3,unacc,1.2
626,2,2,5,2,3,1,unacc,1.2
627,2,2,5,2,3,2,unacc,1.2
628,2,2,5,2,3,3,unacc,1.2
629,2,2,5,4,1,1,unacc,1.2
630,2,2,5,4,1,2,unacc,1.2
631,2,2,5,4,1,3,acc,1.2
632,2,2,5,4,2,1,unacc,1.2
633,2,2,5,4,2,2,acc,1.2
634,2,2,5,4,2,3,acc,1.2
635,2,2,5,4,3,1,unacc,1.2
636,2,2,5,4,3,2,acc,1.2
637,2,2,5,4,3,3,acc,1.2
638,2,2,5,6,1,1,unacc,3.3
639,2,2,5,6,1,2,unacc,3.3
640,2,2,5,6,1,3,acc,3.3
641,2,2,5,6,2,1,unacc,3.3
642,2,2,5,6,2,2,acc,3.3
643,2,2,5,6,2,3,acc,3.3
644,2,2,5,6,3,1,unacc,3.3
645,2,2,5,6,3,2,acc,3.3
646,2,2,5,6,3,3,acc,3.3
647,2,3,2,2,1,1,unacc,0.0
648,2,3,2,2,1,2,unacc,0.0
649,2,3,2,2,1,3,unacc,0.0
650,2,3,2,2,2,1,unacc,0.0
651,2,3,2,2,2,2,unacc,0.0
652,2,3,2,2,2,3,unacc,0.0
653,2,3,2,2,3,1,unacc,0.0
654,2,3,2,2,3,2,unacc,0.0
655,2,3,2,2,3,3,unacc,0.0
656,2,3,2,4,1,1,unacc,0.0
657,2,3,2,4,1,2,unacc,0.0
658,2,3,2,4,1,3,acc,0.0
659,2,3,2,4,2,1,unacc,0.0
660,2,3,2,4,2,2,unacc,0.0
661,2,3,2,4,2,3,acc,0.0
662,2,3,2,4,3,1,unacc,0.0
663,2,3,2,4,3,2,acc,0.0
664,2,3,2,4,3,3,acc,0.0
665,2,3,2,6,1,1,unacc,2.0999999999999996
666,2,3,2,6,1,2,unacc,2.0999999999999996
667,2,3,2,6,1,3,unacc,2.0999999999999996
668,2,3,2,6,2,1,unacc,2.0999999999999996
669,2,3,2,6,2,2,unacc,2.0999999999999996
670,2,3,2,6,2,3,acc,2.0999999999999996
671,2,3,2,6,3,1,unacc,2.0999999999999996
672,2,3,2,6,3,2,acc,2.0999999999999996
673,2,3,2,6,3,3,acc,2.0999999999999996
674,2,3,3,2,1,1,unacc,0.0
675,2,3,3,2,1,2,unacc,0.0
676,2,3,3,2,1,3,unacc,0.0
677,2,3,3,2,2,1,unacc,0.0
678,2,3,3,2,2,2,unacc,0.0
679,2,3,3,2,2,3,unacc,0.0
680,2,3,3,2,3,1,unacc,0.0
681,2,3,3,2,3,2,unacc,0.0
682,2,3,3,2,3,3,unacc,0.0
683,2,3,3,4,1,1,unacc,0.0
684,2,3,3,4,1,2,unacc,0.0
685,2,3,3,4,1,3,acc,0.0
686,2,3,3,4,2,1,unacc,0.0
687,2,3,3,4,2,2,unacc,0.0
688,2,3,3,4,2,3,acc,0.0
689,2,3,3,4,3,1,unacc,0.0
690,2,3,3,4,3,2,acc,0.0
691,2,3,3,4,3,3,acc,0.0
692,2,3,3,6,1,1,unacc,2.0999999999999996
693,2,3,3,6,1,2,unacc,2.0999999999999996
694,2,3,3,6,1,3,acc,2.0999999999999996
695,2,3,3,6,2,1,unacc,2.0999999999999996
696,2,3,3,6,2,2,acc,2.0999999999999996
697,2,3,3,6,2,3,acc,2.0999999999999996
698,2,3,3,6,3,1,unacc,2.0999999999999996
699,2,3,3,6,3,2,acc,2.0999999999999996
700,2,3,3,6,3,3,acc,2.0999999999999996
701,2,3,4,2,1,1,unacc,0.0
702,2,3,4,2,1,2,unacc,0.0
703,2,3,4,2,1,3,unacc,0.0
704,2,3,4,2,2,1,unacc,0.0
705,2,3,4,2,2,2,unacc,0.0
706,2,3,4,2,2,3,unacc,0.0
707,2,3,4,2,3,1,unacc,0.0
708,2,3,4,2,3,2,unacc,0.0
709,2,3,4,2,3,3,unacc,0.0
710,2,3,4,4,1,1,unacc,0.0
711,2,3,4,4,1,2,unacc,0.0
712,2,3,4,4,1,3,acc,0.0
713,2,3,4,4,2,1,unacc,0.0
714,2,3,4,4,2,2,acc,0.0
715,2,3,4,4,2,3,acc,0.0
716,2,3,4,4,3,1,unacc,0.0
717,2,3,4,4,3,2,acc,0.0
718,2,3,4,4,3,3,acc,0.0
719,2,3,4,6,1,1,unacc,2.0999999999999996
720,2,3,4,6,1,2,unacc,2.0999999999999996
721,2,3,4,6,1,3,acc,2.0999999999999996
722,2,3,4,6,2,1,unacc,2.0999999999999996
723,2,3,4,6,2,2,acc,2.0999999999999996
724,2,3,4,6,2,3,acc,2.0999999999999996
725,2,3,4,6,3,1,unacc,2.0999999999999996
726,2,3,4,6,3,2,acc,2.0999999999999996
727,2,3,4,6,3,3,acc,2.0999999999999996
728,2,3,5,2,1,1,unacc,1.2
729,2,3,5,2,1,2,unacc,1.2
730,2,3,5,2,1,3,unacc,1.2
731,2,3,5,2,2,1,unacc,1.2
732,2,3,5,2,2,2,unacc,1.2
733,2,3,5,2,2,3,unacc,1.2
734,2,3,5,2,3,1,unacc,1.2
735,2,3,5,2,3,2,unacc,1.2
736,2,3,5,2,3,3,unacc,1.2
737,2,3,5,4,1,1,unacc,1.2
738,2,3,5,4,1,2,unacc,1.2
739,2,3,5,4,1,3,acc,1.2
740,2,3,5,4,2,1,unacc,1.2
741,2,3,5,4,2,2,acc,1.2
742,2,3,5,4,2,3,acc,1.2
743,2,3,5,4,3,1,unacc,1.2
744,2,3,5,4,3,2,acc,1.2
745,2,3,5,4,3,3,acc,1.2
746,2,3,5,6,1,1,unacc,3.3
747,2,3,5,6,1,2,unacc,3.3
748,2,3,5,6,1,3,acc,3.3
749,2,3,5,6,2,1,unacc,3.3
750,2,3,5,6,2,2,acc,3.3
751,2,3,5,6,2,3,acc,3.3
752,2,3,5,6,3,1,unacc,3.3
753,2,3,5,6,3,2,acc,3.3
754,2,3,5,6,3,3,acc,3.3
755,2,4,2,2,1,1,unacc,0.0
756,2,4,2,2,1,2,unacc,0.0
757,2,4,2,2,1,3,unacc,0.0
758,2,4,2,2,2,1,unacc,0.0
759,2,4,2,2,2,2,unacc,0.0
760,2,4,2,2,2,3,unacc,0.0
761,2,4,2,2,3,1,unacc,0.0
762,2,4,2,2,3,2,unacc,0.0
763,2,4,2,2,3,3,unacc,0.0
764,2,4,2,4,1,1,unacc,0.0
765,2,4,2,4,1,2,unacc,0.0
766,2,4,2,4,1,3,acc,0.0
767,2,4,2,4,2,1,unacc,0.0
768,2,4,2,4,2,2,unacc,0.0
769,2,4,2,4,2,3,acc,0.0
770,2,4,2,4,3,1,unacc,0.0
771,2,4,2,4,3,2,acc,0.0
772,2,4,2,4,3,3,acc,0.0
773,2,4,2,6,1,1,unacc,2.0999999999999996
774,2,4,2,6,1,2,unacc,2.0999999999999996
775,2,4,2,6,1,3,unacc,2.0999999999999996
776,2,4,2,6,2,1,unacc,2.0999999999999996
777,2,4,2,6,2,2,unacc,2.0999999999999996
778,2,4,2,6,2,3,acc,2.0999999999999996
779,2,4,2,6,3,1,unacc,2.0999999999999996
780,2,4,2,6,3,2,acc,2.0999999999999996
781,2,4,2,6,3,3,acc,2.0999999999999996
782,2,4,3,2,1,1,unacc,0.0
783,2,4,3,2,1,2,unacc,0.0
784,2,4,3,2,1,3,unacc,0.0
785,2,4,3,2,2,1,unacc,0.0
786,2,4,3,2,2,2,unacc,0.0
787,2,4,3,2,2,3,unacc,0.0
788,2,4,3,2,3,1,unacc,0.0
789,2,4,3,2,3,2,unacc,0.0
790,2,4,3,2,3,3,unacc,0.0
791,2,4,3,4,1,1,unacc,0.0
792,2,4,3,4,1,2,unacc,0.0
793,2,4,3,4,1,3,acc,0.0
794,2,4,3,4,2,1,unacc,0.0
795,2,4,3,4,2,2,unacc,0.0
796,2,4,3,4,2,3,acc,0.0
797,2,4,3,4,3,1,unacc,0.0
798,2,4,3,4,3,2,acc,0.0
799,2,4,3,4,3,3,acc,0.0
800,2,4,3,6,1,1,unacc,2.0999999999999996
801,2,4,3,6,1,2,unacc,2.0999999999999996
802,2,4,3,6,1,3,acc,2.0999999999999996
803,2,4,3,6,2,1,unacc,2.0999999999999996
804,2,4,3,6,2,2,acc,2.0999999999999996
805,2,4,3,6,2,3,acc,2.0999999999999996
806,2,4,3,6,3,1,unacc,2.0999999999999996
807,2,4,3,6,3,2,acc,2.0999999999999996
808,2,4,3,6,3,3,acc,2.0999999999999996
809,2,4,4,2,1,1,unacc,0.0
810,2,4,4,2,1,2,unacc,0.0
811,2,4,4,2,1,3,unacc,0.0
812,2,4,4,2,2,1,unacc,0.0
813,2,4,4,2,2,2,unacc,0.0
814,2,4,4,2,2,3,unacc,0.0
815,2,4,4,2,3,1,unacc,0.0
816,2,4,4,2,3,2,unacc,0.0
817,2,4,4,2,3,3,unacc,0.0
818,2,4,4,4,1,1,unacc,0.0
819,2,4,4,4,1,2,unacc,0.0
820,2,4,4,4,1,3,acc,0.0
821,2,4,4,4,2,1,unacc,0.0
822,2,4,4,4,2,2,acc,0.0
823,2,4,4,4,2,3,acc,0.0
824,2,4,4,4,3,1,unacc,0.0
825,2,4,4,4,3,2,acc,0.0
826,2,4,4,4,3,3,acc,0.0
827,2,4,4,6,1,1,unacc,2.0999999999999996
828,2,4,4,6,1,2,unacc,2.0999999999999996
829,2,4,4,6,1,3,acc,2.0999999999999996
830,2,4,4,6,2,1,unacc,2.0999999999999996
831,2,4,4,6,2,2,acc,2.0999999999999996
832,2,4,4,6,2,3,acc,2.0999999999999996
833,2,4,4,6,3,1,unacc,2.0999999999999996
834,2,4,4,6,3,2,acc,2.0999999999999996
835,2,4,4,6,3,3,acc,2.0999999999999996
836,2,4,5,2,1,1,unacc,1.2
837,2,4,5,2,1,2,unacc,1.2
838,2,4,5,2,1,3,unacc,1.2
839,2,4,5,2,2,1,unacc,1.2
840,2,4,5,2,2,2,unacc,1.2
841,2,4,5,2,2,3,unacc,1.2
842,2,4,5,2,3,1,unacc,1.2
843,2,4,5,2,3,2,unacc,1.2
844,2,4,5,2,3,3,unacc,1.2
845,2,4,5,4,1,1,unacc,1.2
846,2,4,5,4,1,2,unacc,1.2
847,2,4,5,4,1,3,acc,1.2
848,2,4,5,4,2,1,unacc,1.2
849,2,4,5,4,2,2,acc,1.2
850,2,4,5,4,2,3,acc,1.2
851,2,4,5,4,3,1,unacc,1.2
852,2,4,5,4,3,2,acc,1.2
853,2,4,5,4,3,3,acc,1.2
854,2,4,5,6,1,1,unacc,3.3
855,2,4,5,6,1,2,unacc,3.3
856,2,4,5,6,1,3,acc,3.3
857,2,4,5,6,2,1,unacc,3.3
858,2,4,5,6,2,2,acc,3.3
859,2,4,5,6,2,3,acc,3.3
860,2,4,5,6,3,1,unacc,3.3
861,2,4,5,6,3,2,acc,3.3
862,2,4,5,6,3,3,acc,3.3
863,3,1,2,2,1,1,unacc,0.0
864,3,1,2,2,1,2,unacc,0.0
865,3,1,2,2,1,3,unacc,0.0
866,3,1,2,2,2,1,unacc,0.0
867,3,1,2,2,2,2,unacc,0.0
868,3,1,2,2,2,3,unacc,0.0
869,3,1,2,2,3,1,unacc,0.0
870,3,1,2,2,3,2,unacc,0.0
871,3,1,2,2,3,3,unacc,0.0
872,3,1,2,4,1,1,unacc,0.0
873,3,1,2,4,1,2,unacc,0.0
874,3,1,2,4,1,3,acc,0.0
875,3,1,2,4,2,1,unacc,0.0
876,3,1,2,4,2,2,unacc,0.0
877,3,1,2,4,2,3,acc,0.0
878,3,1,2,4,3,1,unacc,0.0
879,3,1,2,4,3,2,acc,0.0
880,3,1,2,4,3,3,acc,0.0
881,3,1,2,6,1,1,unacc,2.0999999999999996
882,3,1,2,6,1,2,unacc,2.0999999999999996
883,3,1,2,6,1,3,unacc,2.0999999999999996
884,3,1,2,6,2,1,unacc,2.0999999999999996
885,3,1,2,6,2,2,unacc,2.0999999999999996
886,3,1,2,6,2,3,acc,2.0999999999999996
887,3,1,2,6,3,1,unacc,2.0999999999999996
888,3,1,2,6,3,2,acc,2.0999999999999996
889,3,1,2,6,3,3,acc,2.0999999999999996
890,3,1,3,2,1,1,unacc,0.0
891,3,1,3,2,1,2,unacc,0.0
892,3,1,3,2,1,3,unacc,0.0
893,3,1,3,2,2,1,unacc,0.0
894,3,1,3,2,2,2,unacc,0.0
895,3,1,3,2,2,3,unacc,0.0
896,3,1,3,2,3,1,unacc,0.0
897,3,1,3,2,3,2,unacc,0.0
898,3,1,3,2,3,3,unacc,0.0
899,3,1,3,4,1,1,unacc,0.0
900,3,1,3,4,1,2,unacc,0.0
901,3,1,3,4,1,3,acc,0.0
902,3,1,3,4,2,1,unacc,0.0
903,3,1,3,4,2,2,unacc,0.0
904,3,1,3,4,2,3,acc,0.0
905,3,1,3,4,3,1,unacc,0.0
906,3,1,3,4,3,2,acc,0.0
907,3,1,3,4,3,3,acc,0.0
908,3,1,3,6,1,1,unacc,2.0999999999999996
909,3,1,3,6,1,2,unacc,2.0999999999999996
910,3,1,3,6,1,3,acc,2.0999999999999996
911,3,1,3,6,2,1,unacc,2.0999999999999996
912,3,1,3,6,2,2,acc,2.0999999999999996
913,3,1,3,6,2,3,acc,2.0999999999999996
914,3,1,3,6,3,1,unacc,2.0999999999999996
915,3,1,3,6,3,2,acc,2.0999999999999996
916,3,1,3,6,3,3,acc,2.0999999999999996
917,3,1,4,2,1,1,unacc,0.0
918,3,1,4,2,1,2,unacc,0.0
919,3,1,4,2,1,3,unacc,0.0
920,3,1,4,2,2,1,unacc,0.0
921,3,1,4,2,2,2,unacc,0.0
922,3,1,4,2,2,3,unacc,0.0
923,3,1,4,2,3,1,unacc,0.0
924,3,1,4,2,3,2,unacc,0.0
925,3,1,4,2,3,3,unacc,0.0
926,3,1,4,4,1,1,unacc,0.0
927,3,1,4,4,1,2,unacc,0.0
928,3,1,4,4,1,3,acc,0.0
929,3,1,4,4,2,1,unacc,0.0
930,3,1,4,4,2,2,acc,0.0
931,3,1,4,4,2,3,acc,0.0
932,3,1,4,4,3,1,unacc,0.0
933,3,1,4,4,3,2,acc,0.0
934,3,1,4,4,3,3,acc,0.0
935,3,1,4,6,1,1,unacc,2.0999999999999996
936,3,1,4,6,1,2,unacc,2.0999999999999996
937,3,1,4,6,1,3,acc,2.0999999999999996
938,3,1,4,6,2,1,unacc,2.0999999999999996
939,3,1,4,6,2,2,acc,2.0999999999999996
940,3,1,4,6,2,3,acc,2.0999999999999996
941,3,1,4,6,3,1,unacc,2.0999999999999996
942,3,1,4,6,3,2,acc,2.0999999999999996
943,3,1,4,6,3,3,acc,2.0999999999999996
944,3,1,5,2,1,1,unacc,1.2
945,3,1,5,2,1,2,unacc,1.2
946,3,1,5,2,1,3,unacc,1.2
947,3,1,5,2,2,1,unacc,1.2
948,3,1,5,2,2,2,unacc,1.2
949,3,1,5,2,2,3,unacc,1.2
950,3,1,5,2,3,1,unacc,1.2
951,3,1,5,2,3,2,unacc,1.2
952,3,1,5,2,3,3,unacc,1.2
953,3,1,5,4,1,1,unacc,1.2
954,3,1,5,4,1,2,unacc,1.2
955,3,1,5,4,1,3,acc,1.2
956,3,1,5,4,2,1,unacc,1.2
957,3,1,5,4,2,2,acc,1.2
958,3,1,5,4,2,3,acc,1.2
959,3,1,5,4,3,1,unacc,1.2
960,3,1,5,4,3,2,acc,1.2
961,3,1,5,4,3,3,acc,1.2
962,3,1,5,6,1,1,unacc,3.3
963,3,1,5,6,1,2,unacc,3.3
964,3,1,5,6,1,3,acc,3.3
965,3,1,5,6,2,1,unacc,3.3
966,3,1,5,6,2,2,acc,3.3
967,3,1,5,6,2,3,acc,3.3
968,3,1,5,6,3,1,unacc,3.3
969,3,1,5,6,3,2,acc,3.3
970,3,1,5,6,3,3,acc,3.3
971,3,2,2,2,1,1,unacc,0.0
972,3,2,2,2,1,2,unacc,0.0
973,3,2,2,2,1,3,unacc,0.0
974,3,2,2,2,2,1,unacc,0.0
975,3,2,2,2,2,2,unacc,0.0
976,3,2,2,2,2,3,unacc,0.0
977,3,2,2,2,3,1,unacc,0.0
978,3,2,2,2,3,2,unacc,0.0
979,3,2,2,2,3,3,unacc,0.0
980,3,2,2,4,1,1,unacc,0.0
981,3,2,2,4,1,2,unacc,0.0
982,3,2,2,4,1,3,acc,0.0
983,3,2,2,4,2,1,unacc,0.0
984,3,2,2,4,2,2,unacc,0.0
985,3,2,2,4,2,3,acc,0.0
986,3,2,2,4,3,1,unacc,0.0
987,3,2,2,4,3,2,acc,0.0
988,3,2,2,4,3,3,acc,0.0
989,3,2,2,6,1,1,unacc,2.0999999999999996
990,3,2,2,6,1,2,unacc,2.0999999999999996
991,3,2,2,6,1,3,unacc,2.0999999999999996
992,3,2,2,6,2,1,unacc,2.0999999999999996
993,3,2,2,6,2,2,unacc,2.0999999999999996
994,3,2,2,6,2,3,acc,2.0999999999999996
995,3,2,2,6,3,1,unacc,2.0999999999999996
996,3,2,2,6,3,2,acc,2.0999999999999996
997,3,2,2,6,3,3,acc,2.0999999999999996
998,3,2,3,2,1,1,unacc,0.0
999,3,2,3,2,1,2,unacc,0.0
1000,3,2,3,2,1,3,unacc,0.0
1001,3,2,3,2,2,1,unacc,0.0
1002,3,2,3,2,2,2,unacc,0.0
1003,3,2,3,2,2,3,unacc,0.0
1004,3,2,3,2,3,1,unacc,0.0
1005,3,2,3,2,3,2,unacc,0.0
1006,3,2,3,2,3,3,unacc,0.0
1007,3,2,3,4,1,1,unacc,0.0
1008,3,2,3,4,1,2,unacc,0.0
1009,3,2,3,4,1,3,acc,0.0
1010,3,2,3,4,2,1,unacc,0.0
1011,3,2,3,4,2,2,unacc,0.0
1012,3,2,3,4,2,3,acc,0.0
1013,3,2,3,4,3,1,unacc,0.0
1014,3,2,3,4,3,2,acc,0.0
1015,3,2,3,4,3,3,acc,0.0
1016,3,2,3,6,1,1,unacc,2.0999999999999996
1017,3,2,3,6,1,2,unacc,2.0999999999999996
1018,3,2,3,6,1,3,acc,2.0999999999999996
1019,3,2,3,6,2,1,unacc,2.0999999999999996
1020,3,2,3,6,2,2,acc,2.0999999999999996
1021,3,2,3,6,2,3,acc,2.0999999999999996
1022,3,2,3,6,3,1,unacc,2.0999999999999996
1023,3,2,3,6,3,2,acc,2.0999999999999996
1024,3,2,3,6,3,3,acc,2.0999999999999996
1025,3,2,4,2,1,1,unacc,0.0
1026,3,2,4,2,1,2,unacc,0.0
1027,3,2,4,2,1,3,unacc,0.0
1028,3,2,4,2,2,1,unacc,0.0
1029,3,2,4,2,2,2,unacc,0.0
1030,3,2,4,2,2,3,unacc,0.0
1031,3,2,4,2,3,1,unacc,0.0
1032,3,2,4,2,3,2,unacc,0.0
1033,3,2,4,2,3,3,unacc,0.0
1034,3,2,4,4,1,1,unacc,0.0
1035,3,2,4,4,1,2,unacc,0.0
1036,3,2,4,4,1,3,acc,0.0
1037,3,2,4,4,2,1,unacc,0.0
1038,3,2,4,4,2,2,acc,0.0
1039,3,2,4,4,2,3,acc,0.0
1040,3,2,4,4,3,1,unacc,0.0
1041,3,2,4,4,3,2,acc,0.0
1042,3,2,4,4,3,3,acc,0.0
1043,3,2,4,6,1,1,unacc,2.0999999999999996
1044,3,2,4,6,1,2,unacc,2.0999999999999996
1045,3,2,4,6,1,3,acc,2.0999999999999996
1046,3,2,4,6,2,1,unacc,2.0999999999999996
1047,3,2,4,6,2,2,acc,2.0999999999999996
1048,3,2,4,6,2,3,acc,2.0999999999999996
1049,3,2,4,6,3,1,unacc,2.0999999999999996
1050,3,2,4,6,3,2,acc,2.0999999999999996
1051,3,2,4,6,3,3,acc,2.0999999999999996
1052,3,2,5,2,1,1,unacc,1.2
1053,3,2,5,2,1,2,unacc,1.2
1054,3,2,5,2,1,3,unacc,1.2
1055,3,2,5,2,2,1,unacc,1.2
1056,3,2,5,2,2,2,unacc,1.2
1057,3,2,5,2,2,3,unacc,1.2
1058,3,2,5,2,3,1,unacc,1.2
1059,3,2,5,2,3,2,unacc,1.2
1060,3,2,5,2,3,3,unacc,1.2
1061,3,2,5,4,1,1,unacc,1.2
1062,3,2,5,4,1,2,unacc,1.2
1063,3,2,5,4,1,3,acc,1.2
1064,3,2,5,4,2,1,unacc,1.2
1065,3,2,5,4,2,2,acc,1.2
1066,3,2,5,4,2,3,acc,1.2
1067,3,2,5,4,3,1,unacc,1.2
1068,3,2,5,4,3,2,acc,1.2
1069,3,2,5,4,3,3,acc,1.2
1070,3,2,5,6,1,1,unacc,3.3
1071,3,2,5,6,1,2,unacc,3.3
1072,3,2,5,6,1,3,acc,3.3
1073,3,2,5,6,2,1,unacc,3.3
1074,3,2,5,6,2,2,acc,3.3
1075,3,2,5,6,2,3,acc,3.3
1076,3,2,5,6,3,1,unacc,3.3
1077,3,2,5,6,3,2,acc,3.3
1078,3,2,5,6,3,3,acc,3.3
1079,3,3,2,2,1,1,unacc,0.0
1080,3,3,2,2,1,2,unacc,0.0
1081,3,3,2,2,1,3,unacc,0.0
1082,3,3,2,2,2,1,unacc,0.0
1083,3,3,2,2,2,2,unacc,0.0
1084,3,3,2,2,2,3,unacc,0.0
1085,3,3,2,2,3,1,unacc,0.0
1086,3,3,2,2,3,2,unacc,0.0
1087,3,3,2,2,3,3,unacc,0.0
1088,3,3,2,4,1,1,unacc,0.0
1089,3,3,2,4,1,2,acc,0.0
1090,3,3,2,4,1,3,acc,0.0
1091,3,3,2,4,2,1,unacc,0.0
1092,3,3,2,4,2,2,acc,0.0
1093,3,3,2,4,2,3,acc,0.0
1094,3,3,2,4,3,1,unacc,0.0
1095,3,3,2,4,3,2,acc,0.0
1096,3,3,2,4,3,3,vgood,0.0
1097,3,3,2,6,1,1,unacc,2.0999999999999996
1098,3,3,2,6,1,2,unacc,2.0999999999999996
1099,3,3,2,6,1,3,unacc,2.0999999999999996
1100,3,3,2,6,2,1,unacc,2.0999999999999996
1101,3,3,2,6,2,2,acc,2.0999999999999996
1102,3,3,2,6,2,3,acc,2.0999999999999996
1103,3,3,2,6,3,1,unacc,2.0999999999999996
1104,3,3,2,6,3,2,acc,2.0999999999999996
1105,3,3,2,6,3,3,vgood,2.0999999999999996
1106,3,3,3,2,1,1,unacc,0.0
1107,3,3,3,2,1,2,unacc,0.0
1108,3,3,3,2,1,3,unacc,0.0
1109,3,3,3,2,2,1,unacc,0.0
1110,3,3,3,2,2,2,unacc,0.0
1111,3,3,3,2,2,3,unacc,0.0
1112,3,3,3,2,3,1,unacc,0.0
1113,3,3,3,2,3,2,unacc,0.0
1114,3,3,3,2,3,3,unacc,0.0
1115,3,3,3,4,1,1,unacc,0.0
1116,3,3,3,4,1,2,acc,0.0
1117,3,3,3,4,1,3,acc,0.0
1118,3,3,3,4,2,1,unacc,0.0
1119,3,3,3,4,2,2,acc,0.0
1120,3,3,3,4,2,3,acc,0.0
1121,3,3,3,4,3,1,unacc,0.0
1122,3,3,3,4,3,2,acc,0.0
1123,3,3,3,4,3,3,vgood,0.0
1124,3,3,3,6,1,1,unacc,2.0999999999999996
1125,3,3,3,6,1,2,acc,2.0999999999999996
1126,3,3,3,6,1,3,acc,2.0999999999999996
1127,3,3,3,6,2,1,unacc,2.0999999999999996
1128,3,3,3,6,2,2,acc,2.0999999999999996
1129,3,3,3,6,2,3,vgood,2.0999999999999996
1130,3,3,3,6,3,1,unacc,2.0999999999999996
1131,3,3,3,6,3,2,acc,2.0999999999999996
1132,3,3,3,6,3,3,vgood,2.0999999999999996
1133,3,3,4,2,1,1,unacc,0.0
1134,3,3,4,2,1,2,unacc,0.0
1135,3,3,4,2,1,3,unacc,0.0
1136,3,3,4,2,2,1,unacc,0.0
1137,3,3,4,2,2,2,unacc,0.0
1138,3,3,4,2,2,3,unacc,0.0
1139,3,3,4,2,3,1,unacc,0.0
1140,3,3,4,2,3,2,unacc,0.0
1141,3,3,4,2,3,3,unacc,0.0
1142,3,3,4,4,1,1,unacc,0.0
1143,3,3,4,4,1,2,acc,0.0
1144,3,3,4,4,1,3,acc,0.0
1145,3,3,4,4,2,1,unacc,0.0
1146,3,3,4,4,2,2,acc,0.0
1147,3,3,4,4,2,3,vgood,0.0
1148,3,3,4,4,3,1,unacc,0.0
1149,3,3,4,4,3,2,acc,0.0
1150,3,3,4,4,3,3,vgood,0.0
1151,3,3,4,6,1,1,unacc,2.0999999999999996
1152,3,3,4,6,1,2,acc,2.0999999999999996
1153,3,3,4,6,1,3,acc,2.0999999999999996
1154,3,3,4,6,2,1,unacc,2.0999999999999996
1155,3,3,4,6,2,2,acc,2.0999999999999996
1156,3,3,4,6,2,3,vgood,2.0999999999999996
1157,3,3,4,6,3,1,unacc,2.0999999999999996
1158,3,3,4,6,3,2,acc,2.0999999999999996
1159,3,3,4,6,3,3,vgood,2.0999999999999996
1160,3,3,5,2,1,1,unacc,1.2
1161,3,3,5,2,1,2,unacc,1.2
1162,3,3,5,2,1,3,unacc,1.2
1163,3,3,5,2,2,1,unacc,1.2
1164,3,3,5,2,2,2,unacc,1.2
1165,3,3,5,2,2,3,unacc,1.2
1166,3,3,5,2,3,1,unacc,1.2
1167,3,3,5,2,3,2,unacc,1.2
1168,3,3,5,2,3,3,unacc,1.2
1169,3,3,5,4,1,1,unacc,1.2
1170,3,3,5,4,1,2,acc,1.2
1171,3,3,5,4,1,3,acc,1.2
1172,3,3,5,4,2,1,unacc,1.2
1173,3,3,5,4,2,2,acc,1.2
1174,3,3,5,4,2,3,vgood,1.2
1175,3,3,5,4,3,1,unacc,1.2
1176,3,3,5,4,3,2,acc,1.2
1177,3,3,5,4,3,3,vgood,1.2
1178,3,3,5,6,1,1,unacc,3.3
1179,3,3,5,6,1,2,acc,3.3
1180,3,3,5,6,1,3,acc,3.3
1181,3,3,5,6,2,1,unacc,3.3
1182,3,3,5,6,2,2,acc,3.3
1183,3,3,5,6,2,3,vgood,3.3
1184,3,3,5,6,3,1,unacc,3.3
1185,3,3,5,6,3,2,acc,3.3
1186,3,3,5,6,3,3,vgood,3.3
1187,3,4,2,2,1,1,unacc,0.0
1188,3,4,2,2,1,2,unacc,0.0
1189,3,4,2,2,1,3,unacc,0.0
1190,3,4,2,2,2,1,unacc,0.0
1191,3,4,2,2,2,2,unacc,0.0
1192,3,4,2,2,2,3,unacc,0.0
1193,3,4,2,2,3,1,unacc,0.0
1194,3,4,2,2,3,2,unacc,0.0
1195,3,4,2,2,3,3,unacc,0.0
1196,3,4,2,4,1,1,unacc,0.0
1197,3,4,2,4,1,2,acc,0.0
1198,3,4,2,4,1,3,good,0.0
1199,3,4,2,4,2,1,unacc,0.0
1200,3,4,2,4,2,2,acc,0.0
1201,3,4,2,4,2,3,good,0.0
1202,3,4,2,4,3,1,unacc,0.0
1203,3,4,2,4,3,2,good,0.0
1204,3,4,2,4,3,3,vgood,0.0
1205,3,4,2,6,1,1,unacc,2.0999999999999996
1206,3,4,2,6,1,2,unacc,2.0999999999999996
1207,3,4,2,6,1,3,unacc,2.0999999999999996
1208,3,4,2,6,2,1,unacc,2.0999999999999996
1209,3,4,2,6,2,2,acc,2.0999999999999996
1210,3,4,2,6,2,3,good,2.0999999999999996
1211,3,4,2,6,3,1,unacc,2.0999999999999996
1212,3,4,2,6,3,2,good,2.0999999999999996
1213,3,4,2,6,3,3,vgood,2.0999999999999996
1214,3,4,3,2,1,1,unacc,0.0
1215,3,4,3,2,1,2,unacc,0.0
1216,3,4,3,2,1,3,unacc,0.0
1217,3,4,3,2,2,1,unacc,0.0
1218,3,4,3,2,2,2,unacc,0.0
1219,3,4,3,2,2,3,unacc,0.0
1220,3,4,3,2,3,1,unacc,0.0
1221,3,4,3,2,3,2,unacc,0.0
1222,3,4,3,2,3,3,unacc,0.0
1223,3,4,3,4,1,1,unacc,0.0
1224,3,4,3,4,1,2,acc,0.0
1225,3,4,3,4,1,3,good,0.0
1226,3,4,3,4,2,1,unacc,0.0
1227,3,4,3,4,2,2,acc,0.0
1228,3,4,3,4,2,3,good,0.0
1229,3,4,3,4,3,1,unacc,0.0
1230,3,4,3,4,3,2,good,0.0
1231,3,4,3,4,3,3,vgood,0.0
1232,3,4,3,6,1,1,unacc,2.0999999999999996
1233,3,4,3,6,1,2,acc,2.0999999999999996
1234,3,4,3,6,1,3,good,2.0999999999999996
1235,3,4,3,6,2,1,unacc,2.0999999999999996
1236,3,4,3,6,2,2,good,2.0999999999999996
1237,3,4,3,6,2,3,vgood,2.0999999999999996
1238,3,4,3,6,3,1,unacc,2.0999999999999996
1239,3,4,3,6,3,2,good,2.0999999999999996
1240,3,4,3,6,3,3,vgood,2.0999999999999996
1241,3,4,4,2,1,1,unacc,0.0
1242,3,4,4,2,1,2,unacc,0.0
1243,3,4,4,2,1,3,unacc,0.0
1244,3,4,4,2,2,1,unacc,0.0
1245,3,4,4,2,2,2,unacc,0.0
1246,3,4,4,2,2,3,unacc,0.0
1247,3,4,4,2,3,1,unacc,0.0
1248,3,4,4,2,3,2,unacc,0.0
1249,3,4,4,2,3,3,unacc,0.0
1250,3,4,4,4,1,1,unacc,0.0
1251,3,4,4,4,1,2,acc,0.0
1252,3,4,4,4,1,3,good,0.0
1253,3,4,4,4,2,1,unacc,0.0
1254,3,4,4,4,2,2,good,0.0
1255,3,4,4,4,2,3,vgood,0.0
1256,3,4,4,4,3,1,unacc,0.0
1257,3,4,4,4,3,2,good,0.0
1258,3,4,4,4,3,3,vgood,0.0
1259,3,4,4,6,1,1,unacc,2.0999999999999996
1260,3,4,4,6,1,2,acc,2.0999999999999996
1261,3,4,4,6,1,3,good,2.0999999999999996
1262,3,4,4,6,2,1,unacc,2.0999999999999996
1263,3,4,4,6,2,2,good,2.0999999999999996
1264,3,4,4,6,2,3,vgood,2.0999999999999996
1265,3,4,4,6,3,1,unacc,2.0999999999999996
1266,3,4,4,6,3,2,good,2.0999999999999996
1267,3,4,4,6,3,3,vgood,2.0999999999999996
1268,3,4,5,2,1,1,unacc,1.2
1269,3,4,5,2,1,2,unacc,1.2
1270,3,4,5,2,1,3,unacc,1.2
1271,3,4,5,2,2,1,unacc,1.2
1272,3,4,5,2,2,2,unacc,1.2
1273,3,4,5,2,2,3,unacc,1.2
1274,3,4,5,2,3,1,unacc,1.2
1275,3,4,5,2,3,2,unacc,1.2
1276,3,4,5,2,3,3,unacc,1.2
1277,3,4,5,4,1,1,unacc,1.2
1278,3,4,5,4,1,2,acc,1.2
1279,3,4,5,4,1,3,good,1.2
1280,3,4,5,4,2,1,unacc,1.2
1281,3,4,5,4,2,2,good,1.2
1282,3,4,5,4,2,3,vgood,1.2
1283,3,4,5,4,3,1,unacc,1.2
1284,3,4,5,4,3,2,good,1.2
1285,3,4,5,4,3,3,vgood,1.2
1286,3,4,5,6,1,1,unacc,3.3
1287,3,4,5,6,1,2,acc,3.3
1288,3,4,5,6,1,3,good,3.3
1289,3,4,5,6,2,1,unacc,3.3
1290,3,4,5,6,2,2,good,3.3
1291,3,4,5,6,2,3,vgood,3.3
1292,3,4,5,6,3,1,unacc,3.3
1293,3,4,5,6,3,2,good,3.3
1294,3,4,5,6,3,3,vgood,3.3
1295,4,1,2,2,1,1,unacc,0.0
1296,4,1,2,2,1,2,unacc,0.0
1297,4,1,2,2,1,3,unacc,0.0
1298,4,1,2,2,2,1,unacc,0.0
1299,4,1,2,2,2,2,unacc,0.0
1300,4,1,2,2,2,3,unacc,0.0
1301,4,1,2,2,3,1,unacc,0.0
1302,4,1,2,2,3,2,unacc,0.0
1303,4,1,2,2,3,3,unacc,0.0
1304,4,1,2,4,1,1,unacc,0.0
1305,4,1,2,4,1,2,unacc,0.0
1306,4,1,2,4,1,3,acc,0.0
1307,4,1,2,4,2,1,unacc,0.0
1308,4,1,2,4,2,2,unacc,0.0
1309,4,1,2,4,2,3,acc,0.0
1310,4,1,2,4,3,1,unacc,0.0
1311,4,1,2,4,3,2,acc,0.0
1312,4,1,2,4,3,3,acc,0.0
1313,4,1,2,6,1,1,unacc,2.0999999999999996
1314,4,1,2,6,1,2,unacc,2.0999999999999996
1315,4,1,2,6,1,3,unacc,2.0999999999999996
1316,4,1,2,6,2,1,unacc,2.0999999999999996
1317,4,1,2,6,2,2,unacc,2.0999999999999996
1318,4,1,2,6,2,3,acc,2.0999999999999996
1319,4,1,2,6,3,1,unacc,2.0999999999999996
1320,4,1,2,6,3,2,acc,2.0999999999999996
1321,4,1,2,6,3,3,acc,2.0999999999999996
1322,4,1,3,2,1,1,unacc,0.0
1323,4,1,3,2,1,2,unacc,0.0
1324,4,1,3,2,1,3,unacc,0.0
1325,4,1,3,2,2,1,unacc,0.0
1326,4,1,3,2,2,2,unacc,0.0
1327,4,1,3,2,2,3,unacc,0.0
1328,4,1,3,2,3,1,unacc,0.0
1329,4,1,3,2,3,2,unacc,0.0
1330,4,1,3,2,3,3,unacc,0.0
1331,4,1,3,4,1,1,unacc,0.0
1332,4,1,3,4,1,2,unacc,0.0
1333,4,1,3,4,1,3,acc,0.0
1334,4,1,3,4,2,1,unacc,0.0
1335,4,1,3,4,2,2,unacc,0.0
1336,4,1,3,4,2,3,acc,0.0
1337,4,1,3,4,3,1,unacc,0.0
1338,4,1,3,4,3,2,acc,0.0
1339,4,1,3,4,3,3,acc,0.0
1340,4,1,3,6,1,1,unacc,2.0999999999999996
1341,4,1,3,6,1,2,unacc,2.0999999999999996
1342,4,1,3,6,1,3,acc,2.0999999999999996
1343,4,1,3,6,2,1,unacc,2.0999999999999996
1344,4,1,3,6,2,2,acc,2.0999999999999996
1345,4,1,3,6,2,3,acc,2.0999999999999996
1346,4,1,3,6,3,1,unacc,2.0999999999999996
1347,4,1,3,6,3,2,acc,2.0999999999999996
1348,4,1,3,6,3,3,acc,2.0999999999999996
1349,4,1,4,2,1,1,unacc,0.0
1350,4,1,4,2,1,2,unacc,0.0
1351,4,1,4,2,1,3,unacc,0.0
1352,4,1,4,2,2,1,unacc,0.0
1353,4,1,4,2,2,2,unacc,0.0
1354,4,1,4,2,2,3,unacc,0.0
1355,4,1,4,2,3,1,unacc,0.0
1356,4,1,4,2,3,2,unacc,0.0
1357,4,1,4,2,3,3,unacc,0.0
1358,4,1,4,4,1,1,unacc,0.0
1359,4,1,4,4,1,2,unacc,0.0
1360,4,1,4,4,1,3,acc,0.0
1361,4,1,4,4,2,1,unacc,0.0
1362,4,1,4,4,2,2,acc,0.0
1363,4,1,4,4,2,3,acc,0.0
1364,4,1,4,4,3,1,unacc,0.0
1365,4,1,4,4,3,2,acc,0.0
1366,4,1,4,4,3,3,acc,0.0
1367,4,1,4,6,1,1,unacc,2.0999999999999996
1368,4,1,4,6,1,2,unacc,2.0999999999999996
1369,4,1,4,6,1,3,acc,2.0999999999999996
1370,4,1,4,6,2,1,unacc,2.0999999999999996
1371,4,1,4,6,2,2,acc,2.0999999999999996
1372,4,1,4,6,2,3,acc,2.0999999999999996
1373,4,1,4,6,3,1,unacc,2.0999999999999996
1374,4,1,4,6,3,2,acc,2.0999999999999996
1375,4,1,4,6,3,3,acc,2.0999999999999996
1376,4,1,5,2,1,1,unacc,1.2
1377,4,1,5,2,1,2,unacc,1.2
1378,4,1,5,2,1,3,unacc,1.2
1379,4,1,5,2,2,1,unacc,1.2
1380,4,1,5,2,2,2,unacc,1.2
1381,4,1,5,2,2,3,unacc,1.2
1382,4,1,5,2,3,1,unacc,1.2
1383,4,1,5,2,3,2,unacc,1.2
1384,4,1,5,2,3,3,unacc,1.2
1385,4,1,5,4,1,1,unacc,1.2
1386,4,1,5,4,1,2,unacc,1.2
1387,4,1,5,4,1,3,acc,1.2
1388,4,1,5,4,2,1,unacc,1.2
1389,4,1,5,4,2,2,acc,1.2
1390,4,1,5,4,2,3,acc,1.2
1391,4,1,5,4,3,1,unacc,1.2
1392,4,1,5,4,3,2,acc,1.2
1393,4,1,5,4,3,3,acc,1.2
1394,4,1,5,6,1,1,unacc,3.3
1395,4,1,5,6,1,2,unacc,3.3
1396,4,1,5,6,1,3,acc,3.3
1397,4,1,5,6,2,1,unacc,3.3
1398,4,1,5,6,2,2,acc,3.3
1399,4,1,5,6,2,3,acc,3.3
1400,4,1,5,6,3,1,unacc,3.3
1401,4,1,5,6,3,2,acc,3.3
1402,4,1,5,6,3,3,acc,3.3
1403,4,2,2,2,1,1,unacc,0.0
1404,4,2,2,2,1,2,unacc,0.0
1405,4,2,2,2,1,3,unacc,0.0
1406,4,2,2,2,2,1,unacc,0.0
1407,4,2,2,2,2,2,unacc,0.0
1408,4,2,2,2,2,3,unacc,0.0
1409,4,2,2,2,3,1,unacc,0.0
1410,4,2,2,2,3,2,unacc,0.0
1411,4,2,2,2,3,3,unacc,0.0
1412,4,2,2,4,1,1,unacc,0.0
1413,4,2,2,4,1,2,acc,0.0
1414,4,2,2,4,1,3,acc,0.0
1415,4,2,2,4,2,1,unacc,0.0
1416,4,2,2,4,2,2,acc,0.0
1417,4,2,2,4,2,3,acc,0.0
1418,4,2,2,4,3,1,unacc,0.0
1419,4,2,2,4,3,2,acc,0.0
1420,4,2,2,4,3,3,vgood,0.0
1421,4,2,2,6,1,1,unacc,2.0999999999999996
1422,4,2,2,6,1,2,unacc,2.0999999999999996
1423,4,2,2,6,1,3,unacc,2.0999999999999996
1424,4,2,2,6,2,1,unacc,2.0999999999999996
1425,4,2,2,6,2,2,acc,2.0999999999999996
1426,4,2,2,6,2,3,acc,2.0999999999999996
1427,4,2,2,6,3,1,unacc,2.0999999999999996
1428,4,2,2,6,3,2,acc,2.0999999999999996
1429,4,2,2,6,3,3,vgood,2.0999999999999996
1430,4,2,3,2,1,1,unacc,0.0
1431,4,2,3,2,1,2,unacc,0.0
1432,4,2,3,2,1,3,unacc,0.0
1433,4,2,3,2,2,1,unacc,0.0
1434,4,2,3,2,2,2,unacc,0.0
1435,4,2,3,2,2,3,unacc,0.0
1436,4,2,3,2,3,1,unacc,0.0
1437,4,2,3,2,3,2,unacc,0.0
1438,4,2,3,2,3,3,unacc,0.0
1439,4,2,3,4,1,1,unacc,0.0
1440,4,2,3,4,1,2,acc,0.0
1441,4,2,3,4,1,3,acc,0.0
1442,4,2,3,4,2,1,unacc,0.0
1443,4,2,3,4,2,2,acc,0.0
1444,4,2,3,4,2,3,acc,0.0
1445,4,2,3,4,3,1,unacc,0.0
1446,4,2,3,4,3,2,acc,0.0
1447,4,2,3,4,3,3,vgood,0.0
1448,4,2,3,6,1,1,unacc,2.0999999999999996
1449,4,2,3,6,1,2,acc,2.0999999999999996
1450,4,2,3,6,1,3,acc,2.0999999999999996
1451,4,2,3,6,2,1,unacc,2.0999999999999996
1452,4,2,3,6,2,2,acc,2.0999999999999996
1453,4,2,3,6,2,3,vgood,2.0999999999999996
1454,4,2,3,6,3,1,unacc,2.0999999999999996
1455,4,2,3,6,3,2,acc,2.0999999999999996
1456,4,2,3,6,3,3,vgood,2.0999999999999996
1457,4,2,4,2,1,1,unacc,0.0
1458,4,2,4,2,1,2,unacc,0.0
1459,4,2,4,2,1,3,unacc,0.0
1460,4,2,4,2,2,1,unacc,0.0
1461,4,2,4,2,2,2,unacc,0.0
1462,4,2,4,2,2,3,unacc,0.0
1463,4,2,4,2,3,1,unacc,0.0
1464,4,2,4,2,3,2,unacc,0.0
1465,4,2,4,2,3,3,unacc,0.0
1466,4,2,4,4,1,1,unacc,0.0
1467,4,2,4,4,1,2,acc,0.0
1468,4,2,4,4,1,3,acc,0.0
1469,4,2,4,4,2,1,unacc,0.0
1470,4,2,4,4,2,2,acc,0.0
1471,4,2,4,4,2,3,vgood,0.0
1472,4,2,4,4,3,1,unacc,0.0
1473,4,2,4,4,3,2,acc,0.0
1474,4,2,4,4,3,3,vgood,0.0
1475,4,2,4,6,1,1,unacc,2.0999999999999996
1476,4,2,4,6,1,2,acc,2.0999999999999996
1477,4,2,4,6,1,3,acc,2.0999999999999996
1478,4,2,4,6,2,1,unacc,2.0999999999999996
1479,4,2,4,6,2,2,acc,2.0999999999999996
1480,4,2,4,6,2,3,vgood,2.0999999999999996
1481,4,2,4,6,3,1,unacc,2.0999999999999996
1482,4,2,4,6,3,2,acc,2.0999999999999996
1483,4,2,4,6,3,3,vgood,2.0999999999999996
1484,4,2,5,2,1,1,unacc,1.2
1485,4,2,5,2,1,2,unacc,1.2
1486,4,2,5,2,1,3,unacc,1.2
1487,4,2,5,2,2,1,unacc,1.2
1488,4,2,5,2,2,2,unacc,1.2
1489,4,2,5,2,2,3,unacc,1.2
1490,4,2,5,2,3,1,unacc,1.2
1491,4,2,5,2,3,2,unacc,1.2
1492,4,2,5,2,3,3,unacc,1.2
1493,4,2,5,4,1,1,unacc,1.2
1494,4,2,5,4,1,2,acc,1.2
1495,4,2,5,4,1,3,acc,1.2
1496,4,2,5,4,2,1,unacc,1.2
1497,4,2,5,4,2,2,acc,1.2
1498,4,2,5,4,2,3,vgood,1.2
1499,4,2,5,4,3,1,unacc,1.2
1500,4,2,5,4,3,2,acc,1.2
1501,4,2,5,4,3,3,vgood,1.2
1502,4,2,5,6,1,1,unacc,3.3
1503,4,2,5,6,1,2,acc,3.3
1504,4,2,5,6,1,3,acc,3.3
1505,4,2,5,6,2,1,unacc,3.3
1506,4,2,5,6,2,2,acc,3.3
1507,4,2,5,6,2,3,vgood,3.3
1508,4,2,5,6,3,1,unacc,3.3
1509,4,2,5,6,3,2,acc,3.3
1510,4,2,5,6,3,3,vgood,3.3
1511,4,3,2,2,1,1,unacc,0.0
1512,4,3,2,2,1,2,unacc,0.0
1513,4,3,2,2,1,3,unacc,0.0
1514,4,3,2,2,2,1,unacc,0.0
1515,4,3,2,2,2,2,unacc,0.0
1516,4,3,2,2,2,3,unacc,0.0
1517,4,3,2,2,3,1,unacc,0.0
1518,4,3,2,2,3,2,unacc,0.0
1519,4,3,2,2,3,3,unacc,0.0
1520,4,3,2,4,1,1,unacc,0.0
1521,4,3,2,4,1,2,acc,0.0
1522,4,3,2,4,1,3,good,0.0
1523,4,3,2,4,2,1,unacc,0.0
1524,4,3,2,4,2,2,acc,0.0
1525,4,3,2,4,2,3,good,0.0
1526,4,3,2,4,3,1,unacc,0.0
1527,4,3,2,4,3,2,good,0.0
1528,4,3,2,4,3,3,vgood,0.0
1529,4,3,2,6,1,1,unacc,2.0999999999999996
1530,4,3,2,6,1,2,unacc,2.0999999999999996
1531,4,3,2,6,1,3,unacc,2.0999999999999996
1532,4,3,2,6,2,1,unacc,2.0999999999999996
1533,4,3,2,6,2,2,acc,2.0999999999999996
1534,4,3,2,6,2,3,good,2.0999999999999996
1535,4,3,2,6,3,1,unacc,2.0999999999999996
1536,4,3,2,6,3,2,good,2.0999999999999996
1537,4,3,2,6,3,3,vgood,2.0999999999999996
1538,4,3,3,2,1,1,unacc,0.0
1539,4,3,3,2,1,2,unacc,0.0
1540,4,3,3,2,1,3,unacc,0.0
1541,4,3,3,2,2,1,unacc,0.0
1542,4,3,3,2,2,2,unacc,0.0
1543,4,3,3,2,2,3,unacc,0.0
1544,4,3,3,2,3,1,unacc,0.0
1545,4,3,3,2,3,2,unacc,0.0
1546,4,3,3,2,3,3,unacc,0.0
1547,4,3,3,4,1,1,unacc,0.0
1548,4,3,3,4,1,2,acc,0.0
1549,4,3,3,4,1,3,good,0.0
1550,4,3,3,4,2,1,unacc,0.0
1551,4,3,3,4,2,2,acc,0.0
1552,4,3,3,4,2,3,good,0.0
1553,4,3,3,4,3,1,unacc,0.0
1554,4,3,3,4,3,2,good,0.0
1555,4,3,3,4,3,3,vgood,0.0
1556,4,3,3,6,1,1,unacc,2.0999999999999996
1557,4,3,3,6,1,2,acc,2.0999999999999996
1558,4,3,3,6,1,3,good,2.0999999999999996
1559,4,3,3,6,2,1,unacc,2.0999999999999996
1560,4,3,3,6,2,2,good,2.0999999999999996
1561,4,3,3,6,2,3,vgood,2.0999999999999996
1562,4,3,3,6,3,1,unacc,2.0999999999999996
1563,4,3,3,6,3,2,good,2.0999999999999996
1564,4,3,3,6,3,3,vgood,2.0999999999999996
1565,4,3,4,2,1,1,unacc,0.0
1566,4,3,4,2,1,2,unacc,0.0
1567,4,3,4,2,1,3,unacc,0.0
1568,4,3,4,2,2,1,unacc,0.0
1569,4,3,4,2,2,2,unacc,0.0
1570,4,3,4,2,2,3,unacc,0.0
1571,4,3,4,2,3,1,unacc,0.0
1572,4,3,4,2,3,2,unacc,0.0
1573,4,3,4,2,3,3,unacc,0.0
1574,4,3,4,4,1,1,unacc,0.0
1575,4,3,4,4,1,2,acc,0.0
1576,4,3,4,4,1,3,good,0.0
1577,4,3,4,4,2,1,unacc,0.0
1578,4,3,4,4,2,2,good,0.0
1579,4,3,4,4,2,3,vgood,0.0
1580,4,3,4,4,3,1,unacc,0.0
1581,4,3,4,4,3,2,good,0.0
1582,4,3,4,4,3,3,vgood,0.0
1583,4,3,4,6,1,1,unacc,2.0999999999999996
1584,4,3,4,6,1,2,acc,2.0999999999999996
1585,4,3,4,6,1,3,good,2.0999999999999996
1586,4,3,4,6,2,1,unacc,2.0999999999999996
1587,4,3,4,6,2,2,good,2.0999999999999996
1588,4,3,4,6,2,3,vgood,2.0999999999999996
1589,4,3,4,6,3,1,unacc,2.0999999999999996
1590,4,3,4,6,3,2,good,2.0999999999999996
1591,4,3,4,6,3,3,vgood,2.0999999999999996
1592,4,3,5,2,1,1,unacc,1.2
1593,4,3,5,2,1,2,unacc,1.2
1594,4,3,5,2,1,3,unacc,1.2
1595,4,3,5,2,2,1,unacc,1.2
1596,4,3,5,2,2,2,unacc,1.2
1597,4,3,5,2,2,3,unacc,1.2
1598,4,3,5,2,3,1,unacc,1.2
1599,4,3,5,2,3,2,unacc,1.2
1600,4,3,5,2,3,3,unacc,1.2
1601,4,3,5,4,1,1,unacc,1.2
1602,4,3,5,4,1,2,acc,1.2
1603,4,3,5,4,1,3,good,1.2
1604,4,3,5,4,2,1,unacc,1.2
1605,4,3,5,4,2,2,good,1.2
1606,4,3,5,4,2,3,vgood,1.2
1607,4,3,5,4,3,1,unacc,1.2
1608,4,3,5,4,3,2,good,1.2
1609,4,3,5,4,3,3,vgood,1.2
1610,4,3,5,6,1,1,unacc,3.3
1611,4,3,5,6,1,2,acc,3.3
1612,4,3,5,6,1,3,good,3.3
1613,4,3,5,6,2,1,unacc,3.3
1614,4,3,5,6,2,2,good,3.3
1615,4,3,5,6,2,3,vgood,3.3
1616,4,3,5,6,3,1,unacc,3.3
1617,4,3,5,6,3,2,good,3.3
1618,4,3,5,6,3,3,vgood,3.3
1619,4,4,2,2,1,1,unacc,0.0
1620,4,4,2,2,1,2,unacc,0.0
1621,4,4,2,2,1,3,unacc,0.0
1622,4,4,2,2,2,1,unacc,0.0
1623,4,4,2,2,2,2,unacc,0.0
1624,4,4,2,2,2,3,unacc,0.0
1625,4,4,2,2,3,1,unacc,0.0
1626,4,4,2,2,3,2,unacc,0.0
1627,4,4,2,2,3,3,unacc,0.0
1628,4,4,2,4,1,1,unacc,0.0
1629,4,4,2,4,1,2,acc,0.0
1630,4,4,2,4,1,3,good,0.0
1631,4,4,2,4,2,1,unacc,0.0
1632,4,4,2,4,2,2,acc,0.0
1633,4,4,2,4,2,3,good,0.0
1634,4,4,2,4,3,1,unacc,0.0
1635,4,4,2,4,3,2,good,0.0
1636,4,4,2,4,3,3,vgood,0.0
1637,4,4,2,6,1,1,unacc,2.0999999999999996
1638,4,4,2,6,1,2,unacc,2.0999999999999996
1639,4,4,2,6,1,3,unacc,2.0999999999999996
1640,4,4,2,6,2,1,unacc,2.0999999999999996
1641,4,4,2,6,2,2,acc,2.0999999999999996
1642,4,4,2,6,2,3,good,2.0999999999999996
1643,4,4,2,6,3,1,unacc,2.0999999999999996
1644,4,4,2,6,3,2,good,2.0999999999999996
1645,4,4,2,6,3,3,vgood,2.0999999999999996
1646,4,4,3,2,1,1,unacc,0.0
1647,4,4,3,2,1,2,unacc,0.0
1648,4,4,3,2,1,3,unacc,0.0
1649,4,4,3,2,2,1,unacc,0.0
1650,4,4,3,2,2,2,unacc,0.0
1651,4,4,3,2,2,3,unacc,0.0
1652,4,4,3,2,3,1,unacc,0.0
1653,4,4,3,2,3,2,unacc,0.0
1654,4,4,3,2,3,3,unacc,0.0
1655,4,4,3,4,1,1,unacc,0.0
1656,4,4,3,4,1,2,acc,0.0
1657,4,4,3,4,1,3,good,0.0
1658,4,4,3,4,2,1,unacc,0.0
1659,4,4,3,4,2,2,acc,0.0
1660,4,4,3,4,2,3,good,0.0
1661,4,4,3,4,3,1,unacc,0.0
1662,4,4,3,4,3,2,good,0.0
1663,4,4,3,4,3,3,vgood,0.0
1664,4,4,3,6,1,1,unacc,2.0999999999999996
1665,4,4,3,6,1,2,acc,2.0999999999999996
1666,4,4,3,6,1,3,good,2.0999999999999996
1667,4,4,3,6,2,1,unacc,2.0999999999999996
1668,4,4,3,6,2,2,good,2.0999999999999996
1669,4,4,3,6,2,3,vgood,2.0999999999999996
1670,4,4,3,6,3,1,unacc,2.0999999999999996
1671,4,4,3,6,3,2,good,2.0999999999999996
1672,4,4,3,6,3,3,vgood,2.0999999999999996
1673,4,4,4,2,1,1,unacc,0.0
1674,4,4,4,2,1,2,unacc,0.0
1675,4,4,4,2,1,3,unacc,0.0
1676,4,4,4,2,2,1,unacc,0.0
1677,4,4,4,2,2,2,unacc,0.0
1678,4,4,4,2,2,3,unacc,0.0
1679,4,4,4,2,3,1,unacc,0.0
1680,4,4,4,2,3,2,unacc,0.0
1681,4,4,4,2,3,3,unacc,0.0
1682,4,4,4,4,1,1,unacc,0.0
1683,4,4,4,4,1,2,acc,0.0
1684,4,4,4,4,1,3,good,0.0
1685,4,4,4,4,2,1,unacc,0.0
1686,4,4,4,4,2,2,good,0.0
1687,4,4,4,4,2,3,vgood,0.0
1688,4,4,4,4,3,1,unacc,0.0
1689,4,4,4,4,3,2,good,0.0
1690,4,4,4,4,3,3,vgood,0.0
1691,4,4,4,6,1,1,unacc,2.0999999999999996
1692,4,4,4,6,1,2,acc,2.0999999999999996
1693,4,4,4,6,1,3,good,2.0999999999999996
1694,4,4,4,6,2,1,unacc,2.0999999999999996
1695,4,4,4,6,2,2,good,2.0999999999999996
1696,4,4,4,6,2,3,vgood,2.0999999999999996
1697,4,4,4,6,3,1,unacc,2.0999999999999996
1698,4,4,4,6,3,2,good,2.0999999999999996
1699,4,4,4,6,3,3,vgood,2.0999999999999996
1700,4,4,5,2,1,1,unacc,1.2
1701,4,4,5,2,1,2,unacc,1.2
1702,4,4,5,2,1,3,unacc,1.2
1703,4,4,5,2,2,1,unacc,1.2
1704,4,4,5,2,2,2,unacc,1.2
1705,4,4,5,2,2,3,unacc,1.2
1706,4,4,5,2,3,1,unacc,1.2
1707,4,4,5,2,3,2,unacc,1.2
1708,4,4,5,2,3,3,unacc,1.2
1709,4,4,5,4,1,1,unacc,1.2
1710,4,4,5,4,1,2,acc,1.2
1711,4,4,5,4,1,3,good,1.2
1712,4,4,5,4,2,1,unacc,1.2
1713,4,4,5,4,2,2,good,1.2
1714,4,4,5,4,2,3,vgood,1.2
1715,4,4,5,4,3,1,unacc,1.2
1716,4,4,5,4,3,2,good,1.2
1717,4,4,5,4,3,3,vgood,1.2
1718,4,4,5,6,1,1,unacc,3.3
1719,4,4,5,6,1,2,acc,3.3
1720,4,4,5,6,1,3,good,3.3
1721,4,4,5,6,2,1,unacc,3.3
1722,4,4,5,6,2,2,good,3.3
1723,4,4,5,6,2,3,vgood,3.3
1724,4,4,5,6,3,1,unacc,3.3
1725,4,4,5,6,3,2,good,3.3
1726,4,4,5,6,3,3,vgood,3.3
